20
5 197
13072 38932 75199 65842 75647 52325 93128 53232 22094 41704 12854 83046 151 33834 62422 24642 65707 3187 81336 53266 52856 42866 53052 22153 45639 17559 21723 29524 18456 1598 13736 98692 66913 86299 2976 57797 60304 82033 35436 51981 96579 37393 56118 53413 23455 38368 8312 99056 31662 9199 27518 49807 46159 36399 90770 7985 71537 25605 28813 19565 87499 97958 14462 80112 1944 66082 88 98137 2861 1136 99557 38798 81623 89316 92001 7893 18518 6142 63295 63618 18250 31697 84422 54132 81454 22692 62946 62998 55703 90361 45504 30969 9588 4617 53750 22830 15381 47340 42763 89287 52647 54185 8168 47986 1045 71668 47716 81292 19263 59460 50546 15191 37624 91091 54070 40240 44826 38542 64565 35796 70753 33414 4878 42071 1716 17734 1120 8797 10897 43433 40488 43825 61437 1555 88568 6764 81781 72911 27963 41400 50788 61703 20225 74167 78215 24018 71722 23530 2569 74693 79058 15140 45691 48250 84668 37686 2041 46051 15209 63095 67882 27074 93154 19965 61769 97144 13035 37178 85840 62827 87182 12594 50505 99423 24906 88535 89397 77979 31331 63060 44447 35349 66295 48386 43136 99343 60960 946 89563 12689 51534 91065 65616 63062 60212 40260 77091 
18 221
63390 5657 23420 4284 73268 56820 9658 60548 83177 77692 32463 44662 38544 60153 25056 12564 1778 8978 94650 44290 50363 50407 13466 94420 22954 71010 73905 70635 60503 69171 40549 10791 58172 36102 47808 72797 94239 63339 38441 1691 21349 94857 1960 16114 31077 92052 72885 78713 70920 49746 3977 59188 16006 34915 70485 98376 59480 24514 10395 5140 75340 16975 16287 63765 80001 51556 8059 95788 55591 16457 13297 81500 89685 47626 37962 35212 52865 56362 15015 54433 93987 43002 39900 21312 55367 1967 79108 9753 7441 40270 19980 6616 23208 43994 86487 49572 49846 87242 451 79431 66287 20633 47104 63952 38724 1869 35636 90365 4409 47325 89969 95254 72128 34415 78684 54784 32019 90165 92048 88057 67027 56597 8418 18055 93362 90932 80763 5406 93398 90604 3499 14660 50478 69011 30091 31028 66799 8752 87001 54693 55372 45342 23558 33913 92918 37535 47122 72418 49194 24171 56296 90390 32702 4856 37195 75875 16557 64739 40871 33890 64905 94241 17462 57852 71056 16924 40324 93791 88846 15763 67920 658 5770 84545 96762 63944 4437 33141 36744 28176 85923 69242 57361 4901 40425 56179 63304 90274 47118 6173 13098 45887 61492 68664 41023 23676 26961 73935 21127 33960 75502 57191 12079 76327 44156 85811 45206 34185 82652 39250 27307 56714 7009 23826 65893 37514 82885 43167 72008 50977 91656 
12 207
91667 12352 94752 77080 87532 65911 96492 22034 38230 56835 97662 69403 8877 46166 2949 38736 10368 20473 34877 41741 21371 11100 94384 77212 78955 87052 26562 84914 90385 76967 29939 4771 86882 53 52872 28876 49024 51898 25727 38873 53989 51593 88901 42200 38280 12647 25891 63251 59128 97439 64015 1921 96743 27129 24389 90346 35629 58474 97081 74385 33346 52251 14812 22008 41970 70780 61455 15733 36112 59838 54180 40603 50339 6032 45091 99444 50169 92561 91629 87150 5435 16068 55011 42846 68989 35575 98231 84494 409 62424 9090 56687 22861 25467 57700 70556 82252 54432 34643 75548 65154 47496 76640 10274 31161 97259 66018 41231 15767 41488 81884 60611 11953 92235 85478 82094 73408 68508 70566 69103 35508 6615 68387 60388 82603 86875 60039 1253 86930 91286 3388 32663 27916 98532 99814 60052 50737 38627 67554 65915 67804 92989 9386 2348 75630 19969 64181 61394 71154 1724 7028 59674 70102 84403 55238 30975 28214 79519 57330 6677 86086 14563 78719 11491 45311 80052 42154 26002 11935 42185 80151 4160 4059 81461 78925 29237 22637 66663 46482 67208 50948 21700 64977 85490 44570 52983 54303 60605 60041 60974 27406 75669 49524 59281 68736 29552 50634 3893 25170 25312 55510 37143 45358 59710 29785 68806 98295 
28 241
5886 42759 79852 58494 60329 95250 66028 28697 87121 13758 95818 37675 69549 86173 99548 28750 10712 70886 68396 59831 29642 64517 64897 83799 2451 679 46798 79088 28686 80479 20512 30672 49816 49551 41614 62993 21948 58889 70450 4352 61193 54273 58710 31125 6110 98569 32590 92409 11495 9732 95037 8299 12884 78062 39896 65193 10280 93687 99373 5370 88527 38539 68714 38362 69173 69803 70079 9950 62863 18242 92452 83107 99061 9015 10663 79157 36495 34530 41439 90583 23234 64259 47174 29309 40603 66702 27379 20584 47859 14359 83427 82176 32994 31263 58911 13048 76688 99475 35461 71717 34585 60966 23164 17262 7383 54921 58279 92124 27544 25090 16366 5917 57760 95342 62970 95606 72796 91709 51284 71751 56302 32203 40605 63580 5096 45472 14883 73861 56634 27862 75579 76438 70084 27967 17867 19896 83711 2800 6384 35683 39588 66708 7461 72572 63023 30860 15542 50004 96084 18144 76444 11840 66203 22552 36252 12855 65533 17240 39431 38758 28677 41388 72372 36978 68585 22958 9506 68502 53534 25460 86998 57018 51149 8894 54692 59126 69740 87787 27397 35848 28760 60281 23930 1827 28742 3726 53209 53700 65021 48655 32894 549 65 50769 16447 83311 23864 63708 7252 670 70002 6304 42693 20894 92609 26517 33401 22254 12172 36801 32127 60486 80153 34931 2683 7096 38928 92089 3148 15545 17244 2974 13678 14453 60730 76986 4492 97254 92839 40733 44455 956 7734 13201 43862 46587 17594 82336 2400 89912 94988 
1 176
69181 6889 1185 87489 23640 3875 16545 78361 2566 73416 54078 89513 87553 64862 45215 56500 13436 9941 10685 55946 98117 57258 75393 15937 27469 3674 56234 20534 1960 41314 45850 95948 73021 23877 53667 78034 86292 65190 79553 50272 91011 75376 68109 15423 48890 16145 83091 6741 17826 80092 99953 13725 22777 12086 90396 33956 9748 59588 99581 22257 6634 35534 83730 60662 39012 27478 76801 29694 13488 42013 10004 96227 57438 57306 43963 48266 31484 22281 98219 1143 58385 5029 15067 98736 41451 30904 45196 23528 91338 59756 10824 24503 15231 85084 98256 91868 11646 5001 5193 34274 60042 74637 79850 87749 41761 33270 54665 88578 64513 1635 24029 86948 83903 95719 65951 99992 78575 90446 80360 26773 37538 63727 28005 52947 60337 65744 19217 23195 98332 86247 86855 25098 73594 85784 47595 42773 7488 63095 31608 6613 23440 28205 92801 71981 23237 76944 3018 10452 77787 15573 34306 42548 23403 68786 52395 88218 91067 84236 10632 832 35533 49568 90423 7024 78346 38232 92344 30457 61664 34941 55396 79187 63867 58707 52013 93871 
10 230
3308 72778 58220 87520 68252 4487 13383 82013 20166 59361 14321 68625 32917 10292 17038 2852 9377 8978 21652 6276 76535 22871 8567 45541 75371 24603 41741 98079 69813 71064 66852 4788 75381 1156 12665 96046 61610 84675 18027 87258 59671 39491 85708 38326 33061 68089 2479 69682 2163 66271 75608 60188 59787 99978 22616 35421 85056 58581 11890 81204 50191 54301 74036 30261 49270 15251 95851 90343 35937 65704 78656 59430 9327 24314 97579 48941 70509 6760 35527 21083 86165 20457 32641 77675 73236 7636 11761 44245 60645 63474 69956 5625 79171 36789 62076 63520 93608 77565 3185 35947 28429 3424 34966 45 99291 75121 66099 55751 88411 96930 42763 94059 24429 74277 14066 53758 45196 36057 30765 73107 29300 85565 21703 93106 27181 60676 4383 35897 32461 12760 42147 56315 44835 11783 23547 74720 50437 79850 79827 47629 91079 7708 4257 83125 62351 47856 47565 88671 67417 77069 74933 72644 63480 39445 18290 15159 9989 29249 39219 79926 9363 77223 53072 59587 30688 16703 27716 21832 67412 3972 31629 59091 9156 6520 76568 9735 48598 4741 74119 90969 31350 45235 77717 36391 15043 76808 40126 12129 31669 22566 92120 25459 45226 87352 93641 13326 34944 10828 15233 78903 68921 43237 86294 47077 56470 9087 12571 24407 20422 25617 57287 30551 50032 57697 79388 59708 86896 44857 84316 25116 54106 76430 42793 89312 61714 46376 8427 85654 51502 88451 
19 228
49941 49091 89522 86602 72679 13980 39825 5919 41220 93790 67332 44038 88204 33362 26154 60873 50313 96505 25321 47781 68876 70779 11710 36786 47698 98798 90345 95899 36085 62427 40620 2870 83293 32678 45775 79969 48930 75810 22933 69001 59304 80647 66757 35758 43264 86899 84210 91077 9150 96040 55481 42292 64687 99771 51362 90957 41882 47221 78402 36727 63924 51124 45069 84537 7712 28034 33631 80404 2872 59205 67033 54083 70776 37714 76643 18208 93803 14373 36336 19676 55614 24677 66110 42534 50224 14800 79721 14845 24388 94263 69151 31122 54616 5433 99341 38880 92929 25777 64563 47769 51095 10686 82877 73261 5276 85829 83106 95862 16334 546 2387 29707 96150 52969 13530 2357 80505 63455 93296 41557 87633 50725 20287 63475 34356 72628 68981 52383 39167 13845 10054 60294 30049 12031 39254 9886 77821 80074 70764 92349 8381 94078 99930 49230 25342 21075 74474 85501 57012 65030 92079 56198 36582 90863 14448 73535 95771 49725 76227 31278 74954 62234 59947 81012 8170 79983 54900 57094 66337 27045 29891 93934 28532 89472 65403 67085 91383 17746 38009 82112 44663 40065 9079 2000 57648 56474 13735 36318 27324 51789 8254 14032 9889 50464 48476 83082 87000 14861 98338 81010 82501 9514 85909 44088 93812 67206 54371 61567 67810 17037 51023 20680 10914 78143 20669 45370 67725 16584 55726 42987 27547 97261 33849 43439 58792 90738 49777 87804 
46 240
50735 68632 88988 47870 52532 8853 8209 6984 43842 21054 65157 14901 86059 70426 51700 55725 99999 59602 15511 55934 17173 94615 53055 19558 83873 49897 52020 19546 80997 94384 79147 46675 56532 89775 28272 73053 47161 33658 23861 39895 28707 41935 55855 17217 70608 4392 2992 60422 30129 20705 90445 6681 35926 57198 63704 58756 6158 3884 6512 62369 79778 87517 79040 1892 99470 33459 4493 63765 90571 94697 4377 55694 9811 24904 22008 80019 84876 4051 18095 8193 76283 41235 51826 82080 5421 14902 2299 47614 10490 87056 86228 25114 28612 51392 42321 64535 21016 85009 69037 62156 46205 92886 59 91299 90621 751 26034 22183 74172 17590 94448 82001 98219 33091 53185 77788 54221 78651 25613 17680 9058 80555 78335 53762 67194 65719 27301 55376 99469 85124 40205 1773 65331 32101 65844 24738 89992 94871 64997 63887 64680 48089 8785 82635 34927 7348 15513 50317 44538 35401 68526 94913 59277 23602 47477 40550 27850 64924 40130 79530 46709 3809 80629 27896 7850 65666 34689 43758 59532 62018 19233 47033 54285 19710 7231 99670 23750 49691 65373 16684 12552 24318 22369 43412 28117 16621 78620 97392 87426 70983 72900 76879 98850 4277 67487 91621 12475 49960 52546 38918 69714 46096 69302 68182 63302 2044 18187 63141 84367 31332 82302 78304 54949 63676 46839 2611 52358 86513 77313 46985 91434 31012 2645 16027 93110 45983 40475 50607 60546 41234 27553 50418 67930 86280 57217 21704 56720 23171 43968 85431 
3 247
9706 56075 12032 34155 6943 35841 606 39075 17578 42606 62917 48937 94129 48764 37381 23605 26257 37573 12232 73880 82573 88037 66526 55260 93644 63776 87241 32960 90680 795 83335 6828 68503 70446 41651 64337 20109 38949 34590 26990 27088 90117 79133 93853 42762 45428 30214 43199 797 57777 27020 56440 42755 59735 58134 90542 88881 54497 79039 41239 10759 24514 44921 37364 89228 6772 66335 16896 13752 92548 20397 10079 57193 2648 25031 39245 30900 85648 16330 98137 60495 97279 88791 43982 21819 66787 89469 2932 1564 87522 10490 36282 43125 28522 73453 61472 13785 94607 63505 2196 20623 354 81832 29102 25840 70257 91885 72316 91090 46212 78365 18480 73920 44971 1250 56508 62970 11112 89099 62094 49293 94904 14048 63450 52317 27651 90472 45943 47810 89597 69997 12255 43065 68155 53403 17825 89045 84059 95202 40257 56796 27966 41646 12031 15514 6541 85717 41467 3657 44050 9027 10361 32506 46154 14792 26724 74358 81202 34165 15784 80199 31766 62891 34246 83516 29354 87613 27929 25972 98663 18938 23310 25737 26887 69520 25382 58003 68142 58536 67755 3541 9783 9248 14703 2084 37365 99268 94620 98022 64978 28095 9304 8146 95421 68404 58959 44796 45390 63843 32337 25909 70134 94287 62796 6839 75468 29278 72246 12927 72235 37300 67221 22092 58173 46022 60005 89708 90944 32724 49109 3182 62252 96556 53009 62652 31385 16930 3433 52245 58013 29482 89820 56357 59966 99447 44377 21200 27695 48486 54841 57479 10918 57108 83803 43225 54174 95207 
17 164
41960 37819 74835 73268 66025 65911 58346 31964 86889 61820 3716 23708 45690 90822 84011 13409 37279 33511 78488 44267 33046 39537 78810 10466 63434 1640 51895 200 60643 62295 23106 68150 77331 93184 99689 24675 96489 4170 43222 34915 34900 88155 28225 44791 7985 87135 86323 21609 59288 69965 58810 31762 12725 54453 13287 18906 98775 64259 69430 40780 95623 21007 13041 92816 25223 61126 48175 56353 73534 17536 49851 19144 30239 94971 97204 36109 48275 602 84283 35503 68226 56608 26097 32380 90044 83220 21772 4974 13322 87792 46116 78596 94158 20111 42387 72784 24724 85888 78454 7743 45392 15212 51414 95859 40099 87846 43839 90720 86571 97369 18524 64630 6625 86766 88110 95172 43758 42969 35595 80808 69707 8434 4490 77078 60650 20101 58614 13807 66744 40695 69844 6462 16466 25555 72047 76206 74398 838 32998 23031 56261 55693 89017 82436 69785 44202 17022 42214 23586 92422 1375 64471 21039 43542 97155 68736 2883 12761 58179 54346 9494 40628 1075 45257 
11 233
47469 10954 2175 75138 4479 18898 29461 49484 97731 59284 32908 72417 16831 25211 87300 86663 42119 64398 95364 94886 67957 11409 97912 87241 93811 71360 29918 70900 90866 48157 19005 37062 7200 7562 80745 18390 96096 28707 99778 14957 71058 50687 3515 34523 46703 2457 29517 77729 18659 41150 13414 64799 82613 28278 593 27363 73965 68891 9456 60505 79282 65746 35669 74389 48523 90589 54549 14812 29199 7889 8256 52205 71891 47674 93787 87491 13559 22832 17223 49634 75993 15033 17655 28152 14494 57652 17719 84691 76298 7135 34490 3285 56851 94011 41361 75290 56609 94689 77478 42374 96206 44285 87447 34088 79377 39864 96921 73811 41453 3393 31793 2885 45399 64193 67227 76299 61983 66959 72077 78376 88824 21772 85946 31247 14997 27335 20920 62587 10141 64320 39597 32005 44736 11520 83855 84035 24005 27240 26667 80430 11465 67840 8893 77371 43825 47263 68999 38449 84441 29045 45461 65332 18427 27963 71703 33175 10716 30080 7343 33784 75047 97004 71588 22366 43563 92921 75566 6041 80702 13464 22614 45623 51583 90967 37765 92112 61711 92889 73750 74029 87124 8927 49619 80700 4629 43000 50145 59377 53751 27987 99272 80329 85458 74430 68927 36667 42196 50247 2758 48350 76713 19812 17998 68595 23275 769 6229 88218 7123 59254 3349 4961 60070 71473 88079 42869 33356 2668 66759 57442 86896 93060 55550 12830 26035 65205 53447 65337 16192 14221 9447 89912 71817 
2 39
59076 64189 4797 94929 73076 20070 18731 7988 63065 21110 32282 9816 28678 47713 15378 29076 80013 94927 990 57618 37448 22850 15822 3694 75008 80121 46105 91892 40238 56751 14231 18725 81648 28336 25309 33458 20417 31577 4967 
9 95
2360 19615 52267 64922 23910 34007 41680 21228 28593 2951 1156 89933 48135 75633 39295 23941 92324 85938 34593 67454 93890 33749 94579 75089 53130 61098 94359 60835 31675 15585 27951 24507 82632 87781 93949 51351 85594 85627 91316 85344 27808 57306 94373 73889 64720 18740 77799 56608 21253 13669 60031 85995 74078 56462 72772 87391 97122 87159 15266 55213 61494 29982 14030 37575 18195 98835 36130 63129 43302 97043 27652 84516 48946 86349 16908 35210 72000 79768 63906 774 22072 79091 36079 14719 49508 37591 73792 43622 2637 70758 37384 71596 62101 61072 49918 
33 219
3074 86687 32300 88359 66318 79252 37700 81993 14581 4994 34451 58257 89106 34326 99774 59242 28239 61523 73375 60925 95372 58139 27536 42452 80921 66169 70255 62407 74253 86012 99587 37574 28710 43053 79324 90724 26392 41178 21349 83685 44537 96440 18869 10604 21577 31239 88916 96360 64275 73395 88525 51121 61471 46891 2227 37637 28528 27183 45119 39466 34124 24334 14701 55093 94744 39036 34726 59470 66408 7086 29355 98897 56909 28459 70439 68841 38878 56142 88609 66835 53725 86162 69426 42734 64873 42168 74447 10692 83487 23107 98391 45094 85129 79690 67611 84720 50597 23177 36063 36893 38586 99796 67583 61436 4002 18700 55129 96695 12987 35254 66422 78175 35285 9031 90248 45901 13450 89416 62426 60027 65094 39699 34809 79481 95099 65093 15674 10778 7071 96677 41707 53149 11403 14056 39266 15972 61347 92238 88046 3557 99428 7516 85291 63685 94087 13387 96513 38033 8111 51088 33133 77820 82863 25482 80759 85414 19103 47402 9783 17729 40774 19893 75105 53253 14397 13268 59208 99543 32160 71374 89557 16233 20679 57017 38895 61946 92195 6919 47935 89146 55948 32454 20955 79784 48476 22509 8072 14449 68675 54987 77074 77257 9723 72038 92475 48393 74106 26694 77762 86995 10950 61212 45721 58013 19530 64756 33564 90171 77422 47747 62477 2789 94172 97919 37500 39007 1667 30964 27073 
7 126
32755 90064 8085 26369 4698 52899 68369 20852 98282 26746 82057 8748 67809 57380 44752 56691 53571 96460 45419 68528 819 21067 58708 96985 65095 56231 26576 56089 18983 99321 24486 73471 38007 23266 51238 47706 28118 74027 70050 97823 66005 22124 41620 98510 61185 82338 37375 23995 80513 89295 79108 44113 70880 8404 38237 65487 79896 75688 5948 69333 24954 4178 74304 911 67583 50642 7276 41371 51594 92947 15797 34995 36827 41423 95101 92566 43898 91396 53956 95133 55805 28078 95139 86948 11081 14661 80522 10684 95126 23689 71137 4625 598 23873 2595 15406 11803 83059 11578 21637 64488 12230 49231 45381 96980 55495 71328 70769 47178 70857 30436 71728 92979 80107 55610 42857 70343 72984 73285 49559 51537 89820 13721 98533 31801 33118 
14 242
6305 20927 37280 29688 18737 55587 69482 21806 11418 45813 96045 54206 28269 72387 97531 32790 68554 66227 93950 95407 12538 27759 60633 97135 42232 3824 17172 51429 36176 1454 16653 44845 25640 32069 44337 44801 97835 36578 25485 29588 69301 33210 9230 69240 71786 41834 21551 10605 60009 43951 65751 54636 17874 78297 7466 42261 19147 6630 31864 6240 86364 71344 40373 68714 65259 81394 94770 37858 26293 23693 76435 84411 71158 80916 70776 16672 97672 42093 9065 29009 91104 29167 13809 71690 84823 28851 5042 16504 23641 72322 46454 89683 36998 5872 92294 80876 84182 76907 14042 65654 17778 64226 70004 47045 91701 53927 79299 90068 72610 55740 62819 25528 6251 54917 23642 80802 30811 72828 68601 80282 27666 8140 50879 15551 51240 51161 4596 23158 87155 58369 60798 84013 77961 94927 81772 38662 23891 43360 35799 3322 28856 5889 56378 29672 14154 8215 49327 61263 99127 98280 83481 5053 95669 13167 93728 56207 76371 41946 74694 70194 89090 34011 3835 85983 5601 12517 48564 7269 22231 94822 90441 9596 6243 11247 10407 71783 26530 57127 81800 34426 2363 63230 83418 83430 19024 79283 2636 97984 6060 18881 12209 73800 31206 23769 61989 53654 3345 36494 13862 18161 75711 93754 11120 1643 94416 80308 76451 8134 46980 57773 3085 74436 28950 46011 16805 21066 8324 91467 19350 51709 74402 85107 5453 75947 75088 86532 91814 11990 81179 87879 18857 16841 47959 18069 49379 95458 49576 43779 24625 19019 2938 1968 
39 211
42984 15782 94984 30660 68912 45540 16163 42186 26168 94664 72813 22051 75601 42312 28737 97632 7846 14316 90537 90088 38066 66427 94907 53599 78426 73038 65884 79932 24978 95449 10215 4796 53648 86606 44809 83682 55156 37126 86694 98440 80060 45113 85383 33277 24824 85250 34770 4323 68837 794 73938 49769 61351 64546 12459 43786 10465 24325 7055 86812 31354 16574 33266 59814 97833 2407 3422 17886 81587 41637 32388 72977 15015 86704 43603 65114 51227 7237 66912 53313 98779 33750 13771 53171 95348 37571 64404 36991 39175 48766 4598 8444 26879 30344 11101 76370 31850 50275 36604 84895 62126 20398 51840 64340 52170 65154 12327 36111 37772 54390 68556 11067 8226 60677 69476 97228 1837 5667 84437 99497 90240 59876 10902 22681 47188 8381 6964 20052 19478 67925 74885 74180 18073 52904 68951 86055 91860 75212 55768 86134 61032 9741 39461 82703 1923 54124 92186 67813 97860 66925 79913 81146 75211 87787 20230 21950 89846 25044 55077 65267 20785 56801 32054 7795 58715 32594 29104 83318 12201 77608 26334 59051 65105 52642 67557 49058 12303 90982 50290 71085 81396 45060 60800 93131 57105 77965 33976 98034 80424 69209 37676 2734 3597 87211 2625 41598 4916 72787 35216 31936 12199 66789 32628 87971 42338 11148 15766 54576 43225 94427 94988 
21 213
50735 71416 3790 86517 50062 76428 26914 97084 14859 68929 79699 48743 38972 18742 58103 46038 69057 8512 50318 65432 7545 65443 65166 87442 62715 16433 73105 5717 69042 8918 39911 23496 37574 87565 66980 99172 54962 28965 43296 8992 71292 768 64870 43613 98007 35565 52511 55635 25273 29736 53606 37554 74621 28916 7644 77126 40170 34600 36415 95937 41490 69555 3217 15577 46208 98666 55196 6134 25913 59814 51232 51118 23845 81360 27948 80829 3396 17509 61937 31181 16539 92656 6696 28083 14346 95834 54718 47350 8447 7756 10692 18545 6538 36098 3660 1493 61178 13171 42044 17715 56816 6435 59483 45708 91808 70508 64101 65532 58873 34441 89246 92489 47008 6054 89170 186 84732 85588 50504 6899 79563 50874 42732 80169 50707 19 51031 20655 16936 90015 59720 47030 55621 11258 22216 62329 53154 51209 77201 922 57915 65951 1547 13390 83672 7501 60502 31548 4058 42165 81319 61863 62839 8747 3337 63938 73730 63615 34089 47930 62922 30644 23396 54054 62828 23317 68562 4219 22343 10263 82344 29104 83318 40890 36135 12136 80326 77537 41394 49916 22307 77397 99692 17053 29237 17236 92058 2742 83485 76219 34129 52028 77979 1169 81065 20824 87838 96417 43956 50730 92999 71370 93343 59896 34691 77613 78154 8796 88989 27488 90995 81491 6246 
4 239
91924 72384 83898 88494 2145 42030 13302 28697 24594 56485 62814 59646 59965 28494 23910 76851 42742 53493 34007 84425 18695 16522 49355 76242 74679 93644 86680 84757 35131 48615 30400 38167 95956 73712 91807 5189 29915 8837 10846 27169 7726 80951 64682 48307 49635 74642 43732 31946 1097 97358 34942 32941 6490 91262 26452 30334 46706 98134 40683 30479 36405 33598 98075 51620 83625 52158 53959 65969 18127 58840 93348 77190 59270 11227 75175 99476 44274 39031 48428 41072 70666 39271 54643 24361 97605 20865 4076 43831 48429 5918 93231 42213 97695 80817 10408 37445 61727 36463 11789 19300 40700 37999 83373 41822 62278 40588 20260 7760 34385 91689 95018 50901 29119 1999 39235 26820 19852 44092 869 86047 89349 10929 62318 35093 36322 11461 11609 16747 17905 8524 53004 48073 7035 36413 3293 99166 83706 40294 75447 62667 23265 12453 91500 11497 55623 72870 34652 67840 82740 59385 28713 95669 67925 54144 69288 36530 76008 52336 51612 58281 78819 62141 25529 59679 75539 52516 19564 43301 90332 34006 62086 47131 99643 15135 92353 66497 96362 43972 15042 67940 8963 20595 18817 34882 9214 60952 61781 81835 500 98057 65420 32193 76762 99251 17981 71074 92762 37790 59459 99766 64364 53674 35357 63942 48298 29237 89579 36513 10958 45270 79514 49423 34571 13949 20872 40721 35017 81065 99188 18401 88317 23637 28646 70126 57020 54536 46852 9276 6885 47828 2463 63122 12769 25789 77231 66572 50258 14304 14716 
0 195
12421 31074 31470 37940 64691 58955 24867 79038 78361 39198 77895 65959 91865 79315 7481 27933 27998 60944 98633 85964 35107 85925 85809 85867 71844 89603 4328 86413 11006 6970 4374 32267 17880 7563 18088 83315 26092 83655 73153 53706 80650 96360 74650 38182 50523 2846 67732 47842 593 41469 45717 77738 30769 22260 86636 43074 37903 34352 5325 58636 82801 60979 80092 43297 25355 27863 4213 54664 52440 36651 92730 30623 9591 97566 50618 74214 29259 29026 67463 386 92380 27656 56984 43658 7072 8351 80191 45410 43162 50592 8602 62989 80354 38183 56286 2885 72752 34373 22580 63263 30407 55326 12749 13975 7180 22510 31633 71630 26528 92963 42234 12286 85336 42557 69055 32366 44616 6580 50872 73467 93442 50317 89917 42126 23954 67516 693 35661 74784 74985 37116 2500 45680 62436 6600 35512 13782 52050 8930 20886 6093 59703 52090 14769 59126 19369 99567 83261 42800 71846 8024 93817 99630 67555 20438 38494 95567 35983 83832 75458 80160 99650 39752 17983 91648 30475 46257 34608 3313 11917 89610 77669 6973 94267 84637 54810 71381 20380 60041 86920 81264 70381 89805 59278 84835 35319 65211 87833 35444 15755 11007 48814 53941 53602 3951 
