750
1
28
837 97
38
735 466
328
796 180
151 957
244 834
488
920 198
975
932 85
231 698
289 587
879 226
129 76
665 548
894 54
441
775
22
9
60
197
726 246
118 798
325
638
937 910
297 911
92
260
24
125
951
570
241
763 266
34
275
70
154
701 269
81
450
619 306
436
196
100
74
993 86
544 337
574
508
210
245
339 578
739
286
78
442
153 940
344 564
88 980
166
437 590
960 185
23
567
596
251
813 399
697 280
853 55
553 363
562 577
201
121
469 449
372 558
606
13
737 288
533
728
44 979
995 53
779
48
952 171
559
302
367
973 168
695 338
320
409 496
236 676
243 898
915 928
797 152
624 478
277
254
181
977 66
169 750
40 123
393
133 731
662 359
817 395
421
10 57
528 579
670 542
912 119
991 117
982 175
744 207
497
461 673
474 582
26 37
336 769
661 253
281
228
87
765 224
455 484
216
609 495
716 248
851
27 999
537 343
864
820
109
480
222
514
869
653 366
885 237
663
604
11
511 418
106
644
309
536
263 598
443 628
19
298
754
300
89
446
406
451
130 773
139
550
99 781
187
401 788
270 668
723
499
532
149
546
203
21
860
5
652
645
856 291
518 599
500
647
561
272
301
736
211
490 601
534 563
261
256 884
686 527
672
155 909
350 758
588
4
833 116
729
746
858 158
707
881 131
617 586
334
356
933
91 945
922
880
947 897
108 902
370
159
51 985
521 403
526
939
846 295
157 990
454 487
899
111
290 774
997
998
761
352
114 892
148
411
470 445
415 752
217
147 47
112
841 59
368 633
262 600
63
505
113
847 84
740 419
830
502
468
30 160
373 711
189
724
887
629
543 398
416
414 709
142
327 636
889
120
408 512
127
183 749
162 783
438 700
383 631
795 190
705 271
265
516
268
435
677
802
835 71
90
525 580
101 968
382 684
255
247
434 595
569
98
140
862 46
622 492
712
431
14
522 618
513 634
423
756
620 552
962
460
35
358
233
452 498
8 69
304 666
463
457
267
692
581 324
547 517
751 417
273 810
404
67 974
285 918
178
279
145
768
800 214
538
43
15 68
193
994
141
137 720
770 215
209
777
179
832 161
346
173 930
312
803
485
745
220
25
602
29
39
199 876
481 635
643 385
49 824
150 941
165 949
873 264
31 0
62
576
3
387
138 717
349
814 104
936
482 432
386 883
299
422 607
972
329
347
893
626
20 64
405 657
566 503
861 79
284
42
276
103
294
681 375
364
473
360
50
195 904
694
107
212
174
704
410 608
706
836
225
80 102
913
52 806
77
41
433
605
964
413 762
305
56
391
908
950
397
623
845
164
494 384
459 585
242 696
146 958
314
674 335
371 789
671
776
703 257
456
18 967
412
584
509
557
799
167
208
852
878
829
93 96
483
105 946
794 218
583 464
229
808 206
956 82
475 659
341 568
556
923
323
182 934
239
458 683
345 816
313
402 782
471 427
743
73
931
249 603
83
825 128
227 838
311
447 685
831
392 523
287
132
7
614
176
361
778
332
213
16
135
850
354
539
625 390
986
170
439
348
551
493
826
675 331
477
33
597
857 238
792
988 58
362
342
425
188 927
612 428
355 753
815
467
134 65
12 163
479
296
136
17
316
283
732
504
942
381
848
219
278
357
317
232
377
943 172
235
519
760 223
472
725
907
388 759
572 529
953 868
369
94 916
407 710
903 961
840 310
303
282
611
741
230
330 871
654
549
177
292
648
702
888
252 818
202
440
719
45
333
430
507
389
75
616
755
184
515
678
747
621
520
867
767
489
110
801 143
115 95
839
374
205
646
610
540
555
293
400
714 476
917
530
274
420
240
453
843
627
849
379
679
819
929 191
204 699
987
486
682
396
448
771
560
351
258
688
365 715
786
565
192
642
680
613
727
200 901
785
122
804
721 221
811
669
865
827
722
978
319
376 632
733
378
575
970
462
194
905
591
791
326
429
506
259 919
594
639
186
554
641
992
650
924
315
935
730
866 234
658
667
307 660
541
664 465
32 126
896
872 2
757
687
380
809
921
821
524 589
571 545
690
790
742
640
718
906
984 828
573 501
805 250
656
693
863
855
713
764
955
780
124 965
649
531
787
691
875
784
766
874
424 535
592
842
954
655
891 981
772
859
340
969
593
318 637
708
886
321 882
925
938
72 793
844
823
877
890
394 630
156 36
426 651
734
308
491
976
615 322
807
926
854
144 61
900
812
966
983
738
6 996
963
748
822
870
989
895
944
914
959
948
971
444 510
689 353
